		(1)	(2)	(3)	(4)	(5)	(6)	(7)	(8)	(9)	(10)	(11)	(12)	(13)	(14)	(15)	(16)	(17)	(18)	(19)	(20)	(21)	(22)	(23)	(24)	(25)	(26)	(27)	(28)	(29)	(30)	(31)
VARIABLES	LABELS	3	5	5	5	5	5	5	7	7	7	7	7	7	10	10	10	10	10	10	12	12	12	12	12	12	15	15	15	15	15	15
																																
companymarketcapitalization	(mean) companymarketcapitalization	-0						-0						-0						-0						-0						-0
		(0)						(0)						(0)						(0)						(0)						(0)
pedailytimeseriesratio	(mean) pedailytimeseriesratio		0						0						0						0						0					
			(0)						(0)						(0)						(0)						(0)					
o.earningspersharemean	(mean) earningspersharemean = o,			-						-						-						-						-				
																																
o._cons				0	0					0	0					0	0					0	0					0	0			
				(0)	(0)					(0)	(0)					(0)	(0)					(0)	(0)					(0)	(0)			
o.lnnetincomeaftertax	lnnetincomeaftertax = o,				-						-						-						-						-			
																																
lnRev	(mean) lnRev					0						0						0						0						0		
						(0)						(0)						(0)						(0)						(0)		
priceclose	(mean) priceclose						-0						-0						-0						-0						-0	
							(0)						(0)						(0)						(0)						(0)	
Constant	Constant	0.000654***	0.000415***			0.000488***	0.000614	0.000654***	0.000415***			0.000488***	0.000614	0.000654***	0.000415***			0.000488***	0.000614	0.000654***	0.000415***			0.000488***	0.000614	0.000654***	0.000415***			0.000488***	0.000614	0.000654***
		(0)	(0)			(0)	(0)	(0)	(0)			(0)	(0)	(0)	(0)			(0)	(0)	(0)	(0)			(0)	(0)	(0)	(0)			(0)	(0)	(0)
																																
Observations		6,120	4,819	2,763	5,119	6,147	6,510	6,120	4,819	2,763	5,119	6,147	6,510	6,120	4,819	2,763	5,119	6,147	6,510	6,120	4,819	2,763	5,119	6,147	6,510	6,120	4,819	2,763	5,119	6,147	6,510	6,120
R-squared		1.000	1.000			1.000	1.000	1.000	1.000			1.000	1.000	1.000	1.000			1.000	1.000	1.000	1.000			1.000	1.000	1.000	1.000			1.000	1.000	1.000
Robust standard errors in parentheses																																
*** p<0.01, ** p<0.05, * p<0.1																																
